matrix1=[10 15 20;3 9 12;41 19 27];

matrix1(3,3)=12;
a=matrix1(3,3);
%b=matrix1([2],[4]);

